7.554533310696038839e-01 -5.658442876124036847e-01
4.928953883309910577e-01 -7.079238197392727638e-01
1.279281741084056456e+00 -6.771022709049495658e-01
9.548971983091957272e-01 -3.535307923525053408e-01
8.166089482272185229e-01 6.985109201965893355e-01
4.835372192430467675e-01 -5.794701985967742885e-01
1.079961235848820200e+00 3.361212271709574928e-01
1.647633644953780674e-01 3.720213164970460201e-02
-4.162091445185808758e-02 8.220022629887586696e-01
1.032237922627721183e+00 -5.178074142261380741e-01
9.712140628465899539e-01 -2.519194977059909801e-01
2.581139070980050576e+00 5.214804168927895667e-01
1.615351236092653353e-01 1.526842264034967922e+00
1.646535115105870029e+00 4.285008037065972109e-01
-1.552225721448317053e-01 1.859231221463539252e-01
-9.080963892414972705e-02 4.685976730275114854e-01
2.608222611484103393e-01 4.058252181841897066e-01
2.637940868273416228e-01 1.342647167759556837e+00
2.048825002128478179e-01 7.807828503955668298e-01
1.856186245476399543e+00 -3.748036084203108104e-02
-2.886076105240073866e-02 5.878526154858225716e-01
-3.359431199764770781e-01 6.374841588623733069e-01
-1.147854845071520469e+00 5.235975063785996975e-01
1.217348195300211433e+00 -1.329299001333775765e-01
7.697533145346640016e-01 -5.367456640845454929e-01
7.700841710387985595e-01 -4.854309976152824113e-01
2.286041784438683333e+00 2.399689631783700206e-01
1.726008850922698068e+00 1.435584417944888447e-01
-4.807712397790053771e-02 1.090711056024804337e+00
4.600780868122148481e-01 4.231530975101220893e-01
-1.048576355703227936e+00 8.960631506166649718e-01
7.301201403176275084e-01 9.187713861288742123e-01
-2.267348801572287575e-01 1.472332263380144113e+00
-5.642487067943005030e-01 4.958058086217542737e-01
6.635677724015781598e-02 1.557446215861894578e-01
-6.246301167952842404e-01 1.715192908290505081e+00
1.292899525601391986e-01 -1.985313600115247157e-01
-9.222533882263238281e-02 7.668964749151571114e-01
1.990530639101722121e+00 -4.964892912071471320e-01
1.647494167211347005e+00 2.183565438288516958e-01
6.813416515452859201e-01 -2.903433490079799784e-01
1.805094666775704848e+00 -2.773227105356750322e-01
9.499192591184045797e-01 -2.403479177224438490e-01
-5.235654963279008367e-01 -4.356475050440090646e-01
8.141280915586610600e-01 7.210716166671350402e-01
-6.485388852578000130e-01 8.568682951542828663e-01
1.712293640210213130e+00 -3.357994646256184934e-01
3.421964676861578569e-01 -1.868175198305420392e-01
2.760896621580939958e-01 1.001951012488184523e+00
3.725344278363275641e-01 7.751177601660295124e-01
-7.030941538691404258e-02 1.073191226317643965e+00
6.972201929883911076e-01 7.440300726734081493e-01
1.851382401265779798e-01 -3.167390815915271385e-01
2.573470134954264354e-01 1.062324034785194327e+00
1.346940580515631147e+00 -3.696320688235111285e-01
-1.401038077827369221e+00 4.341774119427178058e-01
1.517818507386377469e+00 -2.840873816903004001e-01
-9.452795199328661857e-01 9.081712053093239367e-01
7.834398677967789881e-01 6.611295290390959423e-01
-1.930860260091132874e-01 1.083659438919289064e+00
1.872186965971352368e+00 5.716765587262535586e-01
1.180193809477264599e+00 -1.922796858033422596e-01
1.556469404538137757e+00 -2.230546177081092485e-01
8.411470032875869585e-01 6.197713444430351659e-01
1.431073641252806450e+00 -5.786186896110514510e-01
7.312970944135047668e-01 -1.640246294784803438e-01
-1.764546067305796662e-01 4.980214469562470603e-01
2.199237674663058861e+00 2.341478173334979040e-01
2.027987334599070657e-01 -4.217425013966818459e-01
4.902896908858869196e-01 1.196378110951872076e+00
-7.798960774713653565e-02 -1.025356019494163551e-01
-1.931280314916701268e-01 6.123593135470617455e-01
1.465118362406021557e+00 -3.317642532321777860e-01
1.220367560092927295e-01 8.125897565851676330e-01
1.201633121350301980e+00 1.854637445336649315e-01
2.738109882282848684e-01 -2.505540353650627106e-01
1.487018297034662595e+00 -2.381864100765191394e-01
5.598668434981614039e-01 -3.319740922284281082e-01
1.796307090523099781e+00 -8.900800310363748968e-02
-1.166187429183885849e+00 6.016915945049376990e-01
1.855983459274588299e-01 1.043393787175589393e+00
1.879593982864629920e-01 -9.039761837854948245e-02
-5.126064402319370217e-01 1.815637253654610594e-01
1.143460278651856177e+00 -3.300673564037209240e-01
3.665649466054758387e-01 -3.055171130956141345e-02
1.637662578216493081e+00 1.142807166513806205e-01
7.950922804525194509e-01 6.975770381963727340e-01
1.621586273755747376e-01 6.740877976569992214e-01
-1.233645793280404801e+00 1.159617775043907256e-01
1.288341776350007795e+00 2.086247485106688393e-01
5.138524865771240679e-02 5.216490463473413275e-01
-4.540947002491597106e-01 8.370727660338679321e-01
1.585138616577554727e+00 -6.062872834285579771e-01
2.094342644823466770e+00 2.673349307942762265e-01
-1.885165716921088364e-01 3.295753592434354506e-01
4.972432235047476445e-01 2.896962147837263135e-01
5.295002113232720742e-01 5.678725451503913169e-01
-4.543177747512187059e-01 1.625154986620089281e-01
-9.787671876944682436e-01 5.363263066399407419e-01
4.834082502540907322e-01 -2.650422044629315299e-01
1.083289096836271170e+00 -1.252854606333035914e-01
3.890032459247360075e-01 1.345345844994666917e+00
9.217228607561240850e-01 -2.346336874026775932e-01
7.261270276730417139e-01 -6.487190720309364833e-01
5.071345813245817791e-01 6.760582312651819414e-01
-7.387256622113461679e-01 7.728954580650577721e-01
9.958784936033666657e-01 -2.531959735181881221e-01
-1.289868550237286193e+00 1.397010467706631953e-01
1.800572211788534105e+00 4.357014990326122383e-01
7.759664771938158401e-01 4.005348390584891893e-01
1.079705361382509610e+00 -5.667137557509619450e-01
1.943215606580735777e+00 6.915107678611887021e-01
1.790780715212742402e+00 -3.258485049334206018e-01
5.868513654595179929e-01 6.931510045918038987e-01
1.388382689786437529e+00 -3.808468779493998091e-01
1.797746878939089354e+00 -7.759274671749708530e-01
-7.968038147392910719e-01 3.510298270738916870e-01
2.484675428940482655e-01 1.115354044103214592e+00
1.631075455550442754e+00 2.495578523601077736e-01
1.421924969069519706e+00 8.530986332415266826e-01
1.872625197720947154e+00 -3.919416646971306539e-01
1.545732728418946600e+00 -1.906295136832187320e-01
-3.572144105380269941e-01 1.163439667969543789e+00
3.783399292861487906e-01 -1.304941782933642658e-02
-8.800368025743723899e-02 1.101387180885599282e+00
1.113586501597708223e+00 -5.518852396863456189e-01
1.854339399873592420e+00 2.399685203680987367e-01
9.852976382322193860e-01 6.805530269039239410e-02
4.211384489720382818e-01 6.505811239411629643e-03
6.472709284581386058e-01 5.996014829998891349e-02
5.673201528388555070e-01 -1.045649346504675226e+00
1.322436843627310121e-01 4.696827592602840218e-01
3.012535808293174688e-01 1.277612657846274868e-01
5.899095550707913471e-01 -6.313310428575705791e-01
1.848108880609076854e+00 -1.521575400572023617e-01
-1.296752076097796191e+00 2.031194686061821297e-02
-6.475308716015526489e-01 1.408335845542037834e+00
-4.203860569839584782e-01 1.547468660068319068e-01
3.413613526266888187e-01 -3.269368551456808825e-01
1.848124485704455200e+00 -1.886439985361507143e-02
6.093974671088298045e-01 -2.045203558946865896e-01
7.828806034096518207e-01 6.797163761389175551e-01
4.339204741727368253e-01 1.050218827238059482e+00
1.504501602728764986e+00 -3.958570074581888032e-01
4.020456826847711163e-02 1.234470899017769963e+00
-9.824754989297312946e-02 6.419246815303771836e-01
-1.779051317546841426e-01 5.226225742810927666e-02
-9.297179604961609556e-01 9.722084938361179596e-01
7.513387157121486082e-01 -9.194995574660285165e-01
-1.419872871945273562e+00 1.281514192625223536e-01
4.485741343701650785e-01 -5.561708443041843974e-01
1.458491234649893942e+00 8.806373305744386037e-02
2.867917863105144960e-01 -2.412991970227043592e-02
-4.049441314938278524e-01 1.230863289683574724e+00
6.461127238267779793e-01 7.824471409463542582e-01
-6.506892911713515470e-01 4.510808256932773430e-01
-1.248133634991953844e+00 5.122291447288225275e-01
-9.984580814098902302e-01 -1.823012138022664375e-02
5.152069673534955818e-01 1.336822252456684401e+00
4.758984742848572091e-01 -5.837511672381483496e-01
1.314974805877358710e+00 -5.603831157965152299e-01
-1.503282411953688280e+00 2.126752587202568323e-02
9.278783094221589867e-01 -2.659638938671649022e-01
9.219901147606393010e-01 2.858631976848759471e-01
-1.730436070477547883e-02 -3.467352877665939026e-01
4.498270166485016097e-02 2.395631550822571731e-01
8.425548762165485650e-01 6.004710406685127566e-01
1.626360571969512614e-01 -3.992913159338609130e-01
-6.997166557694474154e-01 3.912556932366570428e-01
6.439640613807867675e-02 1.026664483774201164e+00
6.391891845639197101e-01 9.544508647075445884e-01
1.994465641206923490e+00 -4.838146919774601318e-01
7.538934114408896159e-01 1.106543273935502780e+00
1.162603972257417961e+00 4.756441310133688316e-01
1.624107765003218296e+00 -8.047250229165825441e-01
1.988385347233209810e+00 -3.844875279623647946e-01
2.163010621710350190e+00 -1.236917596639867944e-01
7.853132275939231355e-02 9.662314714192288267e-01
-3.099256918571732244e-01 5.445845543060197080e-01
1.537892875601996612e-01 8.019094347043137505e-01
-8.945472791308279881e-01 8.125516898198337223e-01
5.321539901752678769e-01 -1.818266494423718405e-01
1.431489763864983722e+00 -7.858513890408880265e-01
1.261765841652661591e+00 1.932623949876191571e-01
7.442203960032012233e-01 -2.898302542802233539e-01
3.654096818808477698e-01 6.616366609784838371e-01
-1.304521575047415116e-01 1.044941079545745000e+00
1.350293138552012717e+00 -3.503995431524289383e-01
3.671408038652454464e-01 -5.484751177855390347e-01
3.112394141589956420e-01 -1.394281706073043914e-01
7.215166436081935641e-01 5.459731760779950038e-01
1.282434272208655246e+00 -4.581906456156187857e-01
1.919809224812243587e+00 5.646171722117905301e-01
-7.738541934836120628e-01 8.766138603224443715e-01
1.110691038078186921e+00 1.179777800110898278e-02
9.011419827843215602e-01 3.516965845699932536e-01
1.025168418417303995e+00 -1.761184499894261901e-01
1.047582227435146951e+00 9.950242558183729213e-02
1.902681982345757694e+00 -2.026895316502455857e-01
-7.149443716662462478e-01 3.429023159527669340e-01
-6.175236467160265530e-01 7.471926396044873409e-01
8.520775208906776754e-01 -5.782426550295576284e-01
2.033251768490960565e+00 -4.180176549328925573e-01
7.243285890849184838e-01 -5.864401422782213880e-01
3.703612388500706620e-01 1.096564883512415101e+00
-3.364419703690229024e-01 9.527581754401419634e-01
6.935243680450406956e-01 3.652518061959154072e-01
-3.070775960756237655e-02 6.275793118682989613e-01
6.224608164436231661e-01 9.011665666346726500e-01
6.144841242969554251e-01 -5.494079243614187202e-01
8.837904934998532802e-01 5.467734959922818661e-01
-3.375440981799737727e-01 8.428979159551294176e-01
2.141000776854458110e+00 -1.835929961206846928e-01
8.384721771719672034e-02 -9.909528910484080577e-02
2.056023325928804546e+00 4.286878007191788353e-01
2.018255515980602044e-02 1.745912956361655999e-02
-1.342383022087138444e+00 -1.047397707484859497e-01
-2.758109985764368721e-01 -1.043113874829838666e-01
9.934195686120844693e-01 2.949610261999212057e-01
1.592101867270244997e-01 8.008966614085998303e-01
1.024896832152409676e+00 1.364459781623933721e-01
1.621467638168778924e+00 -3.192954507609909731e-01
1.445408862365707314e+00 -4.063841387591797250e-01
6.712273745847503470e-01 -1.112698715525920701e+00
1.097096189215813977e+00 -4.045463258875881540e-01
1.110759835772880066e+00 3.155716270998526474e-01
1.033396075291127092e+00 6.359877849551948126e-01
3.655050647008200038e-01 -8.448004013116811040e-02
1.013329638220151985e+00 -5.228087582730481797e-01
1.618839952643239544e+00 4.715209982688379209e-01
-6.278567744950800389e-01 -9.274792417762889318e-02
-1.571471781708445370e+00 4.226808264193782083e-01
-2.498852239614923476e-01 9.259118631956915202e-01
1.538216086217920608e+00 2.564362369435333466e-01
-8.035557422167660668e-01 5.243574472568142131e-01
2.507358777988417664e-01 5.446357774348559166e-01
-7.804443201222828197e-01 2.856398076486053039e-01
-1.269825915523873139e+00 -2.342474166133732272e-01
-1.463067785170529600e+00 -4.535087024638472797e-01
9.425207778382910240e-01 -6.799517864059416716e-01
5.529440661293164583e-01 -1.511861681522024825e-01
8.270307977979316494e-01 5.301821255150237500e-01
1.700449618655420103e+00 -1.092521315290590600e+00
1.435671944982295667e+00 -9.237972253133951428e-01
1.928617727209497756e+00 2.179902692218899651e-01
8.706815529812128585e-01 8.720662096899670646e-01
5.576647610455297555e-01 -2.931853465157583938e-01
3.491656853448315001e-01 -7.790216218335679343e-01
-1.759089347637217138e-01 7.159505468833126107e-01
7.583154732197807668e-01 -8.922231494892629566e-01
3.711666734170497306e-01 9.982840673410857679e-01
5.919809133737773399e-01 1.361253517792337941e-02
-1.096430548432360874e+00 6.563474780364748629e-01
4.206547176281503764e-01 5.335928934052588390e-01
-1.517310530495783738e-01 5.032867297192439304e-01
2.920744686997064354e-01 1.968047349740605911e-01
2.449110069714430515e-01 -1.043599032128250947e-01
3.631814409312491554e-01 4.771324564072113583e-01
-1.417049430325596937e+00 5.849354323162853087e-01
1.840183758886060561e+00 -4.747633625387663592e-02
-9.149037930402529328e-01 7.309590780857700976e-01
1.657036843933570758e+00 1.175638409052869038e-01
3.955434506840704856e-01 -3.287941969327104474e-01
-7.481985571201543728e-01 6.645001390145163223e-01
-9.229246978697647208e-02 7.904162612563647716e-01
-1.515093123481642046e+00 3.910082003374915072e-01
1.366975338862615796e+00 2.219182194246858142e-01
1.279717264068924498e+00 -7.584001095693277961e-01
-5.727228440310843105e-01 1.101021549418862211e+00
-1.307253408522576071e-02 6.188602298611021180e-01
2.826433800105464522e-01 -1.225314490051251815e+00
1.474725944011072709e+00 -8.892669439884719473e-01
9.471704960434942921e-02 3.653194508313032385e-01
1.796846807651245603e-01 6.957587267749610893e-01
-7.209433671443543634e-01 3.820823980188020608e-01
-2.852471343185494779e-01 5.489806007380894082e-01
-6.232528228644360624e-01 8.888928090497307810e-01
1.191613451198437756e+00 -5.584099088265559452e-01
8.435054381320815642e-01 -2.464275173429248400e-01
6.567039498142898113e-01 1.089090370853297296e+00
-6.905919210451239021e-01 6.820987386738014413e-01
-3.076821404347654387e-02 -2.239081702185821143e-01
4.817772763295371519e-01 -4.987028511591394819e-01
-8.498199539058720609e-01 4.510029032541342797e-01
3.890969310967705153e-01 7.068967049416767789e-01
-3.668672016493786936e-01 3.401074766884099598e-01
1.748495417883610514e+00 3.766930432691223962e-01
1.467732917734563935e+00 -1.633820251981238370e-01
5.304968835546641781e-01 6.918131921914139060e-01
-1.178986108344990402e-01 -6.830422863891765228e-01
1.325068362560313462e+00 -6.322729181422462874e-01
-8.328832408040354185e-01 1.242370459992845122e+00
-7.436909350382429063e-01 3.256075642080273891e-01
5.781894243846701364e-01 7.493853212691390375e-01
8.914928837319943122e-01 7.381835715571063439e-01
5.808574451997434718e-01 5.794114035751039005e-01
1.390938046911849302e+00 -6.271520121427914818e-01
1.767963714778874873e-01 5.729515889826430897e-01
1.963789945075541832e+00 -2.123932549825595650e-01
-1.392712854678212819e+00 6.443818253809756591e-01
1.197498889731431593e+00 -4.292534125932441769e-01
1.768993980363692264e+00 -2.728225310307044738e-01
8.056948552224831861e-01 -2.996570414433798457e-01
-1.495310686948557732e-01 9.337946766852369684e-01
1.278805427192639232e+00 -1.611584207719369832e-01
1.118627471371570703e+00 7.030202283004106656e-01
4.814122359152576136e-01 -1.031931511219172370e-01
5.526787424570022145e-01 -4.898614272307333373e-01
3.520814644374870017e-01 4.663094224671378990e-02
5.157871725976188176e-02 -2.201539253067723578e-01
2.207062709234679510e+00 1.444894853096092557e-01
8.205687708817603621e-02 1.053907176497290710e-01
-2.556530313736224969e-01 9.453877597103994557e-01
5.433737937817912922e-01 4.235990345733430251e-01
-1.368559532539647350e+00 3.897669913497373573e-01
-6.675313787679012512e-01 1.196325880293872546e+00
1.584024560545776561e+00 1.876372382089602775e-02
-2.552826879157223949e-01 -1.027262202926518542e-01
-7.492238815496912174e-01 3.061313156608611585e-01
2.025171971510745905e+00 2.019484787068493228e-02
3.649044131400242530e-01 1.787492863125519915e-01
6.318689569661622984e-01 1.081383815594764819e+00
-1.979429031695900676e-03 8.369919162239273236e-01
-1.427820507206738754e-01 7.334723126365503276e-01
1.767198974407907297e+00 1.750707326924965113e-01
2.301514326922384779e-01 -1.010493749490102733e+00
5.465509102464153335e-01 4.441835306967555352e-01
2.092713113109995859e+00 5.338064105667195136e-01
5.858225376163171960e-01 -2.150238262038465797e-01
-6.164326894343155061e-01 1.114078020393120871e+00
-4.735635526690840647e-01 6.801793316347410912e-01
-4.495653741154724270e-01 9.969657038866405196e-01
3.502779009153244583e-01 1.227046480215667534e+00
2.218156634524470761e-01 1.026042208545971057e+00
-1.042961753002888681e-01 1.035657469711076750e+00
-7.850193360822235733e-02 7.898126206002442640e-01
9.846609946470320507e-01 3.990607904795699379e-01
-4.040799290375977626e-01 3.024192667510356980e-01
3.847201842537681382e-01 1.190796956569085407e-01
9.212218506678989671e-01 -1.008684722394615818e+00
-4.502040264087664445e-01 3.717522963327942187e-01
-1.473210350730137230e-01 5.050231971114738094e-01
-4.704176756139861748e-01 9.112405862757735342e-01
1.493845289588979330e+00 -5.961430218399927927e-01
1.022113635181433944e+00 1.106748692204556406e+00
-9.410497739793872718e-01 1.291334610300672203e+00
2.181549647291789462e+00 7.854522278691772330e-02
6.741130908608048422e-01 -5.441997963834006580e-01
-8.319489141305065338e-01 6.438004659377082328e-01
8.411849407252675048e-01 1.241809494144215792e-01
