0.000000000000000000e+00
3.152099652431230442e-02
6.304199304862460884e-02
9.456298957293690632e-02
1.260839860972492177e-01
1.576049826215615290e-01
1.891259791458738126e-01
2.206469756701861240e-01
2.836889687188107190e-01
3.152099652431230581e-01
3.782519582917476253e-01
4.097729548160599644e-01
4.412939513403722480e-01
4.728149478646845871e-01
5.043359443889968707e-01
5.358569409133091543e-01
5.673779374376214379e-01
6.304199304862461162e-01
7.249829200591829670e-01
7.880249131078076452e-01
8.195459096321199288e-01
8.510669061564322124e-01
8.825879026807444960e-01
9.456298957293691743e-01
9.771508922536814579e-01
1.008671888777993741e+00
1.040192885302306136e+00
1.071713881826618309e+00
1.103234878350930703e+00
1.134755874875242876e+00
1.166276871399555271e+00
1.197797867923867665e+00
1.229318864448179838e+00
1.260839860972492232e+00
1.355402850545429194e+00
1.386923847069741367e+00
1.418444843594053761e+00
1.449965840118365934e+00
1.513007833166990501e+00
1.544528829691302896e+00
1.576049826215615290e+00
1.670612815788552030e+00
1.702133812312864425e+00
1.796696801885801387e+00
1.828217798410113559e+00
1.859738794934425954e+00
1.891259791458738349e+00
1.954301784507362916e+00
1.985822781031675088e+00
2.048864774080299878e+00
2.111906767128924223e+00
2.174948760177549012e+00
2.206469756701861407e+00
2.301032746274798146e+00
2.332553742799110541e+00
2.395595735847735330e+00
2.458637728896359675e+00
2.490158725420672070e+00
2.521679721944984465e+00
2.553200718469296859e+00
2.584721714993608810e+00
2.616242711517921204e+00
2.647763708042233599e+00
2.679284704566545994e+00
2.710805701090858388e+00
2.742326697615170339e+00
2.773847694139482734e+00
2.805368690663795128e+00
2.868410683712419917e+00
2.931452676761044263e+00
2.962973673285356657e+00
3.057536662858293397e+00
3.089057659382605792e+00
3.120578655906918186e+00
3.246662642004167321e+00
3.278183638528479715e+00
3.341225631577104060e+00
3.372746628101416455e+00
3.435788621150041244e+00
3.467309617674353639e+00
3.498830614198665589e+00
3.530351610722977984e+00
3.593393603771602773e+00
3.624914600295915168e+00
3.687956593344539513e+00
3.719477589868851908e+00
3.750998586393164302e+00
3.814040579441788648e+00
3.845561575966101042e+00
3.877082572490413437e+00
3.908603569014725831e+00
3.940124565539038226e+00
4.003166558587662571e+00
4.066208551636287361e+00
4.097729548160599755e+00
4.160771541209224544e+00
4.192292537733536051e+00
4.223813534257848445e+00
4.286855527306473235e+00
4.318376523830785629e+00
4.349897520355098024e+00
4.381418516879410419e+00
4.412939513403722813e+00
4.539023499500971504e+00
4.570544496025283898e+00
4.602065492549596293e+00
4.633586489073908687e+00
4.665107485598221082e+00
4.696628482122533477e+00
4.728149478646845871e+00
4.759670475171158266e+00
4.791191471695470661e+00
4.822712468219782167e+00
4.885754461268406956e+00
4.917275457792719351e+00
4.980317450841344140e+00
5.011838447365656535e+00
5.043359443889968929e+00
5.074880440414281324e+00
5.106401436938593719e+00
5.137922433462905225e+00
5.200964426511530014e+00
5.232485423035842409e+00
5.264006419560154804e+00
5.390090405657404382e+00
5.421611402181716777e+00
5.453132398706028283e+00
5.516174391754653072e+00
5.547695388278965467e+00
5.610737381327590256e+00
5.642258377851902651e+00
5.673779374376215046e+00
5.736821367424839835e+00
5.768342363949151341e+00
5.831384356997776131e+00
5.894426350046400920e+00
5.957468343095025709e+00
5.988989339619338104e+00
6.052031332667962005e+00
6.241157311813836372e+00
6.304199304862461162e+00
6.367241297911085063e+00
6.398762294435397457e+00
6.430283290959709852e+00
6.461804287484022247e+00
6.524846280532647036e+00
6.556367277056959431e+00
6.587888273581271825e+00
6.619409270105584220e+00
6.713972259678520516e+00
6.745493256202832910e+00
6.777014252727145305e+00
6.808535249251457699e+00
6.840056245775770094e+00
6.903098238824394883e+00
6.934619235348707278e+00
7.060703221445955968e+00
7.123745214494580758e+00
7.155266211018893152e+00
7.186787207543205547e+00
7.249829200591830336e+00
7.312871193640454237e+00
7.375913186689079026e+00
7.407434183213391421e+00
7.438955179737703816e+00
7.470476176262016210e+00
7.501997172786328605e+00
7.533518169310640999e+00
7.565039165834953394e+00
7.596560162359265789e+00
7.628081158883577295e+00
7.659602155407889690e+00
7.691123151932202084e+00
7.754165144980826874e+00
7.785686141505139268e+00
7.817207138029451663e+00
7.880249131078076452e+00
7.911770127602388847e+00
7.943291124126700353e+00
7.974812120651012748e+00
8.006333117175325143e+00
8.069375110223949932e+00
8.100896106748262326e+00
8.163938099796887116e+00
8.195459096321199510e+00
8.258501089369824300e+00
8.290022085894136694e+00
8.321543082418449089e+00
8.416106071991384496e+00
8.447627068515696891e+00
8.479148065040009286e+00
8.510669061564321680e+00
8.542190058088634075e+00
8.573711054612946469e+00
8.605232051137258864e+00
8.668274044185883653e+00
8.699795040710196048e+00
8.762837033758820837e+00
8.794358030283133232e+00
8.825879026807445626e+00
8.888921019856070416e+00
8.920442016380382810e+00
8.983484009429007600e+00
9.078046999001943007e+00
9.141088992050567796e+00
9.172609988574880191e+00
9.204130985099192586e+00
9.235651981623504980e+00
9.298693974672129769e+00
9.424777960769379348e+00
