-1.057665827409507292e-01
-6.342526685945043541e-02
-1.291989931768431354e-01
1.614909780854562049e-02
1.495682072857259792e-01
9.844774981026197525e-01
1.277933330979976523e+00
7.309275693521664063e-01
1.014808561520164076e+00
1.630098293073075633e+00
1.124410282157577434e+00
9.005186894703210987e-01
1.769913558307638635e+00
1.543238083472918687e-01
8.130767097185550574e-01
9.102992775787286384e-01
1.387639430075544134e+00
1.725969211579383211e+00
2.070205975557600997e+00
2.354751763544599363e+00
2.368586342557195579e+00
2.123023076778722373e+00
1.313679594118494443e+00
2.271388762973001629e+00
2.265354795516433484e+00
2.002184311039112874e+00
2.210216717515759655e+00
3.055172478102352596e+00
2.752184628509293240e+00
1.044130072458039793e+00
2.255418936351815784e+00
1.854068123727482309e+00
1.117168774690608268e+00
2.912381617297650216e+00
2.451989727654350304e+00
1.771508463425677915e+00
2.719564529019652177e+00
2.638073817732470516e+00
2.028045842189463599e+00
2.047778580656004266e+00
2.931717792482633644e+00
2.801767860067577942e+00
2.465498404977609415e+00
2.979497768136130098e+00
2.402326080703658384e+00
2.050808768582914166e+00
1.671108856611319471e+00
2.678761659529250938e+00
2.646315665870507150e+00
2.644896672500938184e+00
1.253074066137629172e+00
1.660509537830968441e+00
2.417246393834638685e+00
1.945028437117968467e+00
1.801181450047543597e+00
1.697946205485100446e+00
2.460661839697575015e+00
1.130147799913743700e+00
1.847210246272720680e+00
2.131663334640668150e+00
1.011165136519643237e+00
1.568289856323726195e+00
1.352392604159779577e+00
1.047223758289145934e+00
1.268964835510884459e+00
1.390751154438636839e+00
1.499932942737130848e+00
1.497504085211758484e+00
8.262136996914224429e-01
9.867530124136052461e-01
-2.617460857561459409e-01
8.702682618713616369e-01
-4.352633693321500963e-01
2.132941944243148535e-01
1.477261736040411111e-01
-3.054572270762006547e-01
9.648597381245355153e-02
-4.585422897766279204e-01
-1.189302615299725474e+00
-1.042368702706562678e+00
-8.005941188874936554e-01
-8.040461167376767859e-01
-5.722726374164474050e-01
-1.659305725414607302e+00
-1.266517578343828054e+00
-1.356923695663172946e+00
-1.362153517219150123e+00
-1.914878859582277659e+00
-2.103135468144483600e+00
-1.516223449914327448e+00
-1.462909838971065302e+00
-1.883953045978567387e+00
-2.072808621941792495e+00
-1.546040483914254304e+00
-1.738946541884373476e+00
-2.902250458096436780e+00
-2.042905323103825221e+00
-2.386857407378733864e+00
-2.508126321897667488e+00
-2.224124875305649507e+00
-2.200091902096266150e+00
-1.480557944355899380e+00
-2.388228729253527138e+00
-2.086286147776717392e+00
-2.882278949375394639e+00
-2.506673313342878906e+00
-2.244966674822492791e+00
-2.350667590037380794e+00
-2.738059882036938397e+00
-1.860260363316371679e+00
-2.331009916626319622e+00
-2.131130532660534538e+00
-9.769950803813733931e-01
-1.992524327688152574e+00
-2.058457115870343745e+00
-2.454871781806314157e+00
-2.124473003277864258e+00
-1.764105480918903179e+00
-2.304563408934938273e+00
-2.200386216466501121e+00
-2.712995394512764502e+00
-1.279162466848601021e+00
-1.946395138698404859e+00
-2.603786153341267617e+00
-1.936643831097424329e+00
-2.836783527422233941e+00
-2.097035050105523268e+00
-1.537490588612814513e+00
-1.508294341446751785e+00
-1.196553114547285634e+00
-1.002086031723589565e+00
-1.457123742857461934e+00
-1.810968061498995585e+00
-1.822022032237977651e+00
-1.346368011683789279e+00
-2.120795048169621388e+00
-1.459697229958375253e+00
-1.179418015847765178e+00
2.889410076707330521e-01
6.445274988720286480e-01
6.284484638545385915e-02
6.653770342300255325e-02
4.077692715150962322e-01
1.113136255437457756e+00
2.320795253558875504e-01
5.120094364100695739e-01
7.035620278659675542e-01
8.476033767762825022e-02
-4.388980530244495082e-01
9.887920694593828053e-01
1.434519454529067151e+00
1.287511301999063829e+00
8.730921061376213377e-01
8.537901202241487963e-01
1.783605982474369744e+00
1.563373900436938913e+00
1.919560508397276877e+00
1.635213892109648182e+00
2.287150266445814761e+00
1.791339361398781360e+00
1.663616367337372726e+00
2.684796310185773027e+00
1.675624023692434239e+00
2.227691310736142682e+00
3.440538115210824088e+00
7.955952295277057829e-01
2.112271526107994291e+00
2.394787762352434957e+00
2.152779875178572944e+00
2.433188110557030104e+00
3.261048989487690619e+00
2.294825446402179558e+00
2.267200940156595568e+00
1.876829363665410089e+00
1.959507208670050460e+00
2.636692737931009667e+00
2.098558950639889176e+00
2.977649393035821657e+00
2.807005388637056509e+00
1.892695950089848145e+00
2.362499991799878352e+00
1.619741255909743272e+00
2.248150756706384090e+00
2.685074581946540029e+00
3.146659643150646612e+00
1.894361816486896277e+00
2.121156821625743483e+00
2.069929187537347559e+00
2.028304027872553039e+00
1.808415903659929436e+00
2.113798150995629399e+00
1.791273540602387415e+00
1.772650594303340155e+00
1.853606629848939535e+00
1.969238125459582989e+00
1.664149733593668579e+00
1.528658894675750446e+00
1.779608811930709855e+00
2.259341004091464100e+00
1.221816853023758753e+00
2.606792805039710448e-01
1.526737160090808176e+00
1.339047643873758631e+00
4.328227174010703115e-01
4.637721496088625384e-01
6.691809139213567015e-01
7.101319484103545410e-01
1.322715739615143438e-02
-7.041829575974972721e-02
-1.294907334242626218e-01
